0.00
0.00
0.00
0.02
0.00
0.00
0.00
0.28
4.13
0.02
0.00
0.00
0.06
3.59
2.16
0.03
0.47
3.33
6.36
8.48
2.09
4.59
4.48
15.27
13.46
29.77
59.47
31.95
12.57
5.62
4.19
0.76
1.34
0.15
0.02
0.02
0.14
0.54
0.24
1.68
0.16
0.06
0.43
5.83
1.25
0.92
2.56
9.58
1.72
13.12
4.25
5.57
7.59
3.25
3.55
15.06
1.86
5.64
3.50
4.26
2.61
1.04
0.29
0.20
0.90
2.59
2.58
1.47
1.34
0.72
0.22
0.54
0.13
0.09
1.49
1.58
1.94
1.10
0.67
0.38
0.04
0.04
0.02
0.00
0.10
0.02
0.00
0.00
0.00
0.00
0.00
0.00
0.00
0.00
0.00
0.04
0.00
0.00
0.00
0.00
0.00
0.00
0.00
0.00
0.00
