0.00
0.00
0.00
0.00
0.00
0.02
0.00
0.00
0.00
0.00
0.00
0.00
0.00
0.05
0.27
0.46
3.69
0.02
0.00
0.00
0.00
0.00
0.00
0.00
0.07
0.42
3.63
2.48
0.00
0.03
0.00
0.07
0.45
2.24
1.45
1.54
5.37
4.85
4.14
1.48
0.58
1.42
3.69
3.55
1.35
3.47
11.76
9.07
4.22
10.43
22.07
31.44
31.31
17.72
15.52
6.64
6.64
3.01
3.01
2.19
2.19
0.40
0.40
0.73
0.73
0.08
0.08
0.01
0.01
0.01
0.01
0.08
0.08
0.29
0.29
0.12
0.12
0.90
0.90
0.09
0.09
0.03
0.03
0.24
0.24
3.15
3.15
0.67
0.67
0.51
0.51
1.31
1.31
4.77
4.77
0.88
0.88
6.76
6.76
2.30
2.30
2.87
2.87
4.04
4.04
1.71
1.71
1.90
1.90
7.87
7.87
0.98
0.98
2.84
2.84
1.89
1.89
2.31
2.31
1.35
1.35
0.57
0.57
0.16
0.16
0.11
0.11
0.47
0.47
1.37
1.37
1.42
1.42
0.77
0.77
0.69
0.69
0.38
0.38
0.12
0.12
0.30
0.30
0.07
0.07
0.04
0.04
0.75
0.75
0.84
0.84
1.02
1.02
0.61
0.61
0.38
0.38
0.22
0.22
0.02
0.02
0.02
0.02
0.01
0.01
0.00
0.00
0.06
0.06
0.01
0.01
0.00
0.00
0.00
0.00
0.00
0.00
0.00
0.00
0.00
0.00
0.00
0.00
0.00
0.00
0.00
0.00
0.00
0.00
0.02
0.02
0.00
0.00
0.00
0.00
0.00
0.00
0.00
0.00
0.00
0.00
0.00
0.00
0.00
0.00
0.00
0.00
0.00
0.00
