0.00
0.00
0.00
0.02
0.00
0.00
0.00
0.32
4.16
0.02
0.00
0.00
0.07
4.05
2.48
0.03
0.52
3.69
6.90
8.99
2.06
5.11
4.89
15.24
13.29
32.50
62.76
33.24
13.28
6.03
4.38
0.79
1.45
0.17
0.02
0.02
0.16
0.58
0.24
1.80
0.18
0.07
0.49
6.30
1.35
1.02
2.62
9.53
1.76
13.52
4.60
5.73
8.09
3.43
3.80
15.73
1.95
5.68
3.78
4.61
2.69
1.14
0.31
0.23
0.95
2.74
2.84
1.55
1.37
0.77
0.25
0.59
0.15
0.08
1.49
1.67
2.03
1.22
0.77
0.44
0.05
0.05
0.02
0.00
0.12
0.02
0.00
0.00
0.00
0.00
0.00
0.00
0.00
0.00
0.00
0.05
0.00
0.00
0.00
0.00
0.00
0.00
0.00
0.00
0.00
